{
 "cells": [
  {
   "cell_type": "code",
   "execution_count": 1,
   "metadata": {
    "collapsed": true
   },
   "outputs": [],
   "source": [
    "%matplotlib inline"
   ]
  },
  {
   "cell_type": "code",
   "execution_count": 55,
   "metadata": {
    "collapsed": false
   },
   "outputs": [],
   "source": [
    "import pandas as pd\n",
    "import numpy as np\n",
    "from sklearn.decomposition import PCA\n",
    "import matplotlib.pyplot as plt\n",
    "from mpl_toolkits.mplot3d import Axes3D\n",
    "from sklearn.preprocessing import StandardScaler\n",
    "import seaborn"
   ]
  },
  {
   "cell_type": "code",
   "execution_count": 3,
   "metadata": {
    "collapsed": true
   },
   "outputs": [],
   "source": [
    "#import data\n",
    "df = pd.read_excel('All_Isotopes_Generated.xlsx', 'Sheet1')\n",
    "\n",
    "needed_isotopes = ['Reactor', 'Enrichment', 'u234', 'u235', 'u236', 'u238',\n",
    "                   'pu238', 'pu239', 'pu240', 'pu241', 'pu242']\n",
    "                   \n",
    "df = df[needed_isotopes]\n",
    "\n",
    "# split data table into data X and class labels y\n",
    "x = df.ix[:,2:].values\n",
    "y = df.ix[:,0:2].values"
   ]
  },
  {
   "cell_type": "code",
   "execution_count": 4,
   "metadata": {
    "collapsed": true
   },
   "outputs": [],
   "source": [
    "x_std = StandardScaler().fit_transform(x)"
   ]
  },
  {
   "cell_type": "markdown",
   "metadata": {},
   "source": [
    "### Covariance Matrix"
   ]
  },
  {
   "cell_type": "code",
   "execution_count": 16,
   "metadata": {
    "collapsed": false
   },
   "outputs": [
    {
     "name": "stdout",
     "output_type": "stream",
     "text": [
      "Covariance matrix \n",
      "[[ 1.00136054  0.92767294 -0.14885239 -0.11775597 -0.42614264 -0.12190458\n",
      "  -0.58252194 -0.44362169 -0.55335077]\n",
      " [ 0.92767294  1.00136054 -0.49186034  0.18916481 -0.61973438 -0.33354484\n",
      "  -0.80283918 -0.65478251 -0.70479229]\n",
      " [-0.14885239 -0.49186034  1.00136054 -0.89523878  0.80246902  0.75721837\n",
      "   0.84568749  0.85166642  0.69320368]\n",
      " [-0.11775597  0.18916481 -0.89523878  1.00136054 -0.80977751 -0.71715002\n",
      "  -0.71502266 -0.78270486 -0.69348626]\n",
      " [-0.42614264 -0.61973438  0.80246902 -0.80977751  1.00136054  0.60245834\n",
      "   0.89680945  0.9019898   0.94348875]\n",
      " [-0.12190458 -0.33354484  0.75721837 -0.71715002  0.60245834  1.00136054\n",
      "   0.67090778  0.83489857  0.44586445]\n",
      " [-0.58252194 -0.80283918  0.84568749 -0.71502266  0.89680945  0.67090778\n",
      "   1.00136054  0.93928643  0.90174966]\n",
      " [-0.44362169 -0.65478251  0.85166642 -0.78270486  0.9019898   0.83489857\n",
      "   0.93928643  1.00136054  0.81376063]\n",
      " [-0.55335077 -0.70479229  0.69320368 -0.69348626  0.94348875  0.44586445\n",
      "   0.90174966  0.81376063  1.00136054]]\n"
     ]
    }
   ],
   "source": [
    "mean_vec = np.mean(x_std, axis=0)\n",
    "cov_mat = (x_std - mean_vec).T.dot((x_std - mean_vec)) / (x_std.shape[0]-1)\n",
    "print('Covariance matrix \\n%s' %cov_mat)"
   ]
  },
  {
   "cell_type": "code",
   "execution_count": 18,
   "metadata": {
    "collapsed": false
   },
   "outputs": [
    {
     "name": "stdout",
     "output_type": "stream",
     "text": [
      "Eigenvectors \n",
      "[[-0.20030876  0.63771992 -0.15332905 -0.13361956  0.08795281 -0.16025946\n",
      "   0.19704803 -0.34133174 -0.56839392]\n",
      " [-0.29116559  0.48459491 -0.14902883  0.36369115  0.05936071 -0.14502893\n",
      "  -0.01893453 -0.09476705  0.70143648]\n",
      " [ 0.3503192   0.25049007  0.05634367 -0.69679685 -0.24047999  0.14134595\n",
      "  -0.18217282 -0.30491986  0.34908216]\n",
      " [-0.3139701  -0.43617018  0.23567336  0.04917234 -0.13647312 -0.13131746\n",
      "   0.187426   -0.75855499  0.08255381]\n",
      " [ 0.37450749  0.03027429 -0.34050778  0.30490781 -0.65867462  0.07657612\n",
      "   0.45616132 -0.04241849 -0.01773838]\n",
      " [ 0.2939705   0.28428875  0.70603595  0.33482561  0.13089802  0.41205683\n",
      "   0.15174645 -0.10516784 -0.03396947]\n",
      " [ 0.38879072 -0.08404245 -0.00095515 -0.16326499  0.49201034 -0.43468783\n",
      "   0.58843443  0.02957044  0.19226309]\n",
      " [ 0.3842011   0.05973259  0.1992037   0.25971811 -0.16573919 -0.67280028\n",
      "  -0.48505122 -0.101921   -0.12607005]\n",
      " [ 0.35826668 -0.11455848 -0.49137433  0.25048928  0.43789823  0.31431211\n",
      "  -0.28259196 -0.42662413 -0.04375386]]\n",
      "\n",
      "Eigenvalues \n",
      "[  6.37245171e+00   1.78840329e+00   5.53078250e-01   2.09220561e-01\n",
      "   4.94126408e-02   3.55548154e-02   3.47517099e-03   1.11444849e-04\n",
      "   5.37017734e-04]\n"
     ]
    }
   ],
   "source": [
    "#eigendecomposition on the matrix\n",
    "cov_mat = np.cov(x_std.T)\n",
    "\n",
    "eig_vals, eig_vecs = np.linalg.eig(cov_mat)\n",
    "\n",
    "print('Eigenvectors \\n%s' %eig_vecs)\n",
    "print('\\nEigenvalues \\n%s' %eig_vals)"
   ]
  },
  {
   "cell_type": "markdown",
   "metadata": {},
   "source": [
    "### Correlation Matrix"
   ]
  },
  {
   "cell_type": "code",
   "execution_count": 20,
   "metadata": {
    "collapsed": false
   },
   "outputs": [
    {
     "name": "stdout",
     "output_type": "stream",
     "text": [
      "Eigenvectors \n",
      "[[-0.20030876  0.63771992 -0.15332905 -0.13361956  0.08795281 -0.16025946\n",
      "   0.19704803  0.34133174 -0.56839392]\n",
      " [-0.29116559  0.48459491 -0.14902883  0.36369115  0.05936071 -0.14502893\n",
      "  -0.01893453  0.09476705  0.70143648]\n",
      " [ 0.3503192   0.25049007  0.05634367 -0.69679685 -0.24047999  0.14134595\n",
      "  -0.18217282  0.30491986  0.34908216]\n",
      " [-0.3139701  -0.43617018  0.23567336  0.04917234 -0.13647312 -0.13131746\n",
      "   0.187426    0.75855499  0.08255381]\n",
      " [ 0.37450749  0.03027429 -0.34050778  0.30490781 -0.65867462  0.07657612\n",
      "   0.45616132  0.04241849 -0.01773838]\n",
      " [ 0.2939705   0.28428875  0.70603595  0.33482561  0.13089802  0.41205683\n",
      "   0.15174645  0.10516784 -0.03396947]\n",
      " [ 0.38879072 -0.08404245 -0.00095515 -0.16326499  0.49201034 -0.43468783\n",
      "   0.58843443 -0.02957044  0.19226309]\n",
      " [ 0.3842011   0.05973259  0.1992037   0.25971811 -0.16573919 -0.67280028\n",
      "  -0.48505122  0.101921   -0.12607005]\n",
      " [ 0.35826668 -0.11455848 -0.49137433  0.25048928  0.43789823  0.31431211\n",
      "  -0.28259196  0.42662413 -0.04375386]]\n",
      "\n",
      "Eigenvalues \n",
      "[  6.36379348e+00   1.78597340e+00   5.52326785e-01   2.08936294e-01\n",
      "   4.93455041e-02   3.55065072e-02   3.47044929e-03   1.11293429e-04\n",
      "   5.36288090e-04]\n"
     ]
    }
   ],
   "source": [
    "#Eigendecomposition of the standardized data based on the correlation matrix\n",
    "cor_mat1 = np.corrcoef(x_std.T)\n",
    "\n",
    "eig_vals, eig_vecs = np.linalg.eig(cor_mat1)\n",
    "\n",
    "print('Eigenvectors \\n%s' %eig_vecs)\n",
    "print('\\nEigenvalues \\n%s' %eig_vals)"
   ]
  },
  {
   "cell_type": "code",
   "execution_count": 21,
   "metadata": {
    "collapsed": false
   },
   "outputs": [
    {
     "name": "stdout",
     "output_type": "stream",
     "text": [
      "Eigenvectors \n",
      "[[-0.20030876  0.63771992 -0.15332905 -0.13361956  0.08795281 -0.16025946\n",
      "   0.19704803 -0.34133174 -0.56839392]\n",
      " [-0.29116559  0.48459491 -0.14902883  0.36369115  0.05936071 -0.14502893\n",
      "  -0.01893453 -0.09476705  0.70143648]\n",
      " [ 0.3503192   0.25049007  0.05634367 -0.69679685 -0.24047999  0.14134595\n",
      "  -0.18217282 -0.30491986  0.34908216]\n",
      " [-0.3139701  -0.43617018  0.23567336  0.04917234 -0.13647312 -0.13131746\n",
      "   0.187426   -0.75855499  0.08255381]\n",
      " [ 0.37450749  0.03027429 -0.34050778  0.30490781 -0.65867462  0.07657612\n",
      "   0.45616132 -0.04241849 -0.01773838]\n",
      " [ 0.2939705   0.28428875  0.70603595  0.33482561  0.13089802  0.41205683\n",
      "   0.15174645 -0.10516784 -0.03396947]\n",
      " [ 0.38879072 -0.08404245 -0.00095515 -0.16326499  0.49201034 -0.43468783\n",
      "   0.58843443  0.02957044  0.19226309]\n",
      " [ 0.3842011   0.05973259  0.1992037   0.25971811 -0.16573919 -0.67280028\n",
      "  -0.48505122 -0.101921   -0.12607005]\n",
      " [ 0.35826668 -0.11455848 -0.49137433  0.25048928  0.43789823  0.31431211\n",
      "  -0.28259196 -0.42662413 -0.04375386]]\n",
      "\n",
      "Eigenvalues \n",
      "[  6.36379348e+00   1.78597340e+00   5.52326785e-01   2.08936294e-01\n",
      "   4.93455041e-02   3.55065072e-02   3.47044929e-03   1.11293429e-04\n",
      "   5.36288090e-04]\n"
     ]
    }
   ],
   "source": [
    "#Eigendecomposition of the raw data based on the correlation matrix\n",
    "\n",
    "cor_mat2 = np.corrcoef(x.T)\n",
    "\n",
    "eig_vals, eig_vecs = np.linalg.eig(cor_mat2)\n",
    "\n",
    "print('Eigenvectors \\n%s' %eig_vecs)\n",
    "print('\\nEigenvalues \\n%s' %eig_vals)"
   ]
  },
  {
   "cell_type": "markdown",
   "metadata": {},
   "source": [
    "### Singular Vextor Decomposition"
   ]
  },
  {
   "cell_type": "code",
   "execution_count": 23,
   "metadata": {
    "collapsed": false
   },
   "outputs": [
    {
     "data": {
      "text/plain": [
       "array([[-0.20030876, -0.63771992, -0.15332905, -0.13361956,  0.08795281,\n",
       "         0.16025946, -0.19704803, -0.56839392,  0.34133174],\n",
       "       [-0.29116559, -0.48459491, -0.14902883,  0.36369115,  0.05936071,\n",
       "         0.14502893,  0.01893453,  0.70143648,  0.09476705],\n",
       "       [ 0.3503192 , -0.25049007,  0.05634367, -0.69679685, -0.24047999,\n",
       "        -0.14134595,  0.18217282,  0.34908216,  0.30491986],\n",
       "       [-0.3139701 ,  0.43617018,  0.23567336,  0.04917234, -0.13647312,\n",
       "         0.13131746, -0.187426  ,  0.08255381,  0.75855499],\n",
       "       [ 0.37450749, -0.03027429, -0.34050778,  0.30490781, -0.65867462,\n",
       "        -0.07657612, -0.45616132, -0.01773838,  0.04241849],\n",
       "       [ 0.2939705 , -0.28428875,  0.70603595,  0.33482561,  0.13089802,\n",
       "        -0.41205683, -0.15174645, -0.03396947,  0.10516784],\n",
       "       [ 0.38879072,  0.08404245, -0.00095515, -0.16326499,  0.49201034,\n",
       "         0.43468783, -0.58843443,  0.19226309, -0.02957044],\n",
       "       [ 0.3842011 , -0.05973259,  0.1992037 ,  0.25971811, -0.16573919,\n",
       "         0.67280028,  0.48505122, -0.12607005,  0.101921  ],\n",
       "       [ 0.35826668,  0.11455848, -0.49137433,  0.25048928,  0.43789823,\n",
       "        -0.31431211,  0.28259196, -0.04375386,  0.42662413]])"
      ]
     },
     "execution_count": 23,
     "metadata": {},
     "output_type": "execute_result"
    }
   ],
   "source": [
    "u,s,v = np.linalg.svd(x_std.T)\n",
    "u"
   ]
  },
  {
   "cell_type": "markdown",
   "metadata": {},
   "source": [
    "### Selecting Priciple Components"
   ]
  },
  {
   "cell_type": "code",
   "execution_count": 24,
   "metadata": {
    "collapsed": false
   },
   "outputs": [
    {
     "name": "stdout",
     "output_type": "stream",
     "text": [
      "Everything ok!\n"
     ]
    }
   ],
   "source": [
    "#sorting eigenpairs\n",
    "\n",
    "for ev in eig_vecs:\n",
    "    np.testing.assert_array_almost_equal(1.0, np.linalg.norm(ev))\n",
    "print('Everything ok!')"
   ]
  },
  {
   "cell_type": "code",
   "execution_count": 25,
   "metadata": {
    "collapsed": false
   },
   "outputs": [
    {
     "name": "stdout",
     "output_type": "stream",
     "text": [
      "Eigenvalues in descending order:\n",
      "6.36379348365\n",
      "1.78597339529\n",
      "0.552326784917\n",
      "0.208936294005\n",
      "0.0493455040835\n",
      "0.03550650724\n",
      "0.00347044929353\n",
      "0.000536288090161\n",
      "0.000111293428871\n"
     ]
    }
   ],
   "source": [
    "# Make a list of (eigenvalue, eigenvector) tuples\n",
    "eig_pairs = [(np.abs(eig_vals[i]), eig_vecs[:,i]) for i in range(len(eig_vals))]\n",
    "\n",
    "# Sort the (eigenvalue, eigenvector) tuples from high to low\n",
    "eig_pairs.sort()\n",
    "eig_pairs.reverse()\n",
    "\n",
    "# Visually confirm that the list is correctly sorted by decreasing eigenvalues\n",
    "print('Eigenvalues in descending order:')\n",
    "for i in eig_pairs:\n",
    "    print(i[0])"
   ]
  },
  {
   "cell_type": "markdown",
   "metadata": {},
   "source": [
    "### Explained Variance"
   ]
  },
  {
   "cell_type": "code",
   "execution_count": 58,
   "metadata": {
    "collapsed": false
   },
   "outputs": [
    {
     "name": "stdout",
     "output_type": "stream",
     "text": [
      "[  70.70881649   90.55296532   96.6899296    99.01144398   99.55972735\n",
      "   99.9542441    99.99280465   99.99876341  100.        ]\n"
     ]
    },
    {
     "data": {
      "image/png": [
       "iVBORw0KGgoAAAANSUhEUgAAAecAAAFVCAYAAADVDycqAAAABHNCSVQICAgIfAhkiAAAAAlwSFlz\n",
       "AAALEgAACxIB0t1+/AAAHAhJREFUeJzt3X2Q3HWd4PH3p6dnkkweJgkkA4QYIJBAAgFBBFFCVEQQ\n",
       "kAct91xXhfXwKBStK0u2YLfcq63b26rl9EpR1EMRvT13VUDWh8vJCUhIUEBFkxAgPBhAGBIgyYRJ\n",
       "Jpmn7/3RPWSAMJnpTOb3nZ73qyqVfvh19+ebzMx7uqfn94uUEpIkKR+logeQJEmvZpwlScqMcZYk\n",
       "KTPGWZKkzBhnSZIyY5wlScrMXuMcEadExF3V00dGxMqIWBER10dEVC+/LCIeiIhfR8S5+3toSZLq\n",
       "2aBxjoirgBuACdWLvgRck1JaCgRwQUQcBFwJnAa8F/iniGjafyNLklTf9vbM+XHgYiohBjgxpbSi\n",
       "eno5cCZwMrAqpdSdUtpWvc2S/TGsJEnjwaBxTindCvQMuCgGnH4ZaAGmAe17uFySJNWgPMzt+wac\n",
       "ngZsBbYBUwdcPhXYMuid9KXU09M7zIfOS7ncAIDrKF6Oa+jrS3T39NHV00tXdx9d3b2V89297Orp\n",
       "pbt7wHXVv3t7E929fXR19dDd20dPb6Knt4+enr7K3719dPemV53v6e2ju+f123a/crpyeW/fvu+m\n",
       "t6EUlBtKlBuCxnID5Ybq+XKJxoYS5YYSjY0lSqV41Xfx1bemVC6rXhEEEa++/4jK5f0bx4BtX7ls\n",
       "wLb953Zvt/tMDLh84HZDvX2pVJkvDfffLfa+yas3H+YN4HX/boNvG0QEfX19e984U6VSicVHHMA7\n",
       "lhxc9Cj7pFxuoFQa+v/ecOP8YESckVK6GzgHuAO4H/jHiJgATASOAdYOdic9Pb20t3cO86Hz0tIy\n",
       "CcB1ZGBva+gPWH8sd5/uo7u7txLE7uo2vQNCurfb9PTR3f3q2/Rv09M7vC+GATQ2lmiqfALvDl9D\n",
       "iXIpaGgo0dhQ+bs/kBMaG5gysbz7slJQLleuK5dKNDQEjQ2l6vWV+3vdZaXSXm9Trj7uUL6u1MPH\n",
       "E7iOnNTDGqCyjqamoSd3qFv2f/v4OeCG6hu+1gE3p5RSRHwFuIfKy+TXpJS6hjGzNGQpJbZ2dLFx\n",
       "8w42btnBxi2dbOnYxeZtu+jcWXnG2V19Jtofy75hHtyloRQ0NVaeDTaWG3afrsazsVxi0oQyLZMr\n",
       "1zeWSzSVSzRW/zSVG2is3qapsWHA5btvv/s2lfPlhmD69GZg7H8RkrTv9hrnlNIGKu/EJqX0GLBs\n",
       "D9t8C/jWCM+mcao/wJuq8d24ZQebNlf/3tJJV0/lWWkAM6dN4JBZU5hz4GSA10fyNSHcU2hfe5tS\n",
       "afgvNUrSSBruy9rSiEgpsW17VyW+mwdEeEsnm7Z0sqt798+PZ06bwOzpk5g/p4XTjj2Y1hmTmF39\n",
       "01huqJuXvSSpn3HWfpNSYtuO7ldegt60pZONWzrZtHkHG7d2sqtrd4BnTJ1A64xJHH7wNE5d1Mrs\n",
       "Gc20zpzE7OmTaGpsKHAVkjT6jLP2SUqJl3d0V8Nb/TnwgJegdw4I8PQpTcye0cy8g6by1kWttM6Y\n",
       "ROuMZmbNmMQEAyxJrzDO2quUEh2d3a96Cbr/58Gbtuygc9fuALdMbqJ1xiTe1DqVk4+eTeuMZmZX\n",
       "IzyhyQBL0lAYZ72io7PyEvTuZ8Gdr5zfsWv3vmimVQN86KzJnLRgFq0zm2mdMYlZ0ycxaYIfUpK0\n",
       "r/xKOk719vWx9snN/PHJzTy7qYPnXuxg+87dAZ7a3EjrjGbmHDiZNy+Y9cpL0LNnGGBJ2t/8KjvO\n",
       "tL20nZWr27j3oedp7+hizqzJHHnodBYfPoPWV96E1UzzRD80JKkofgUeB3bs7OH+RzayanUbTzy3\n",
       "jUkTypyyqJXTlxzM8QtnExH+GpIkZcQ416m+lHj0qS2sXNPG7x59ge6ePhYdNoNPvn8RJx4165Vf\n",
       "T4rh7KhXkjQqjHOdeXFrJ6vWPs+qNW282L6TWdMncu7b5nHasQdzQMvEoseTJA2Bca4Du7p7+f2j\n",
       "L7ByTRsPP7WFpsYSJy+czSfOPZij5k4f0gELJEn5MM5jVEqJJ5/bxso1bdz/8EY6d/Vy5KEtXHLO\n",
       "0Zx89GzfUS1JY5hfwceY9o5d3PvQ86xc3UbbSzuYPqWJd514KG8/7mAOmtlc9HiSpBFgnMeAnt4+\n",
       "/vj4i6xc3caaJzdTKsEJR83iP7z7KBYfNtOjKElSnTHOGXt648usXNPGbx7aSEdnN/Nap/LhM4/i\n",
       "lEWtTJnUWPR4kqT9xDhnpqOzm/vWbWTl6jae2vgyUyY1curiVt5x3MG8qXVq0eNJkkaBcc5AX1/i\n",
       "oQ2buWd1G3947AX6+uC4I2Zy3mnHcvyRB1JuKBU9oiRpFBnnAm3cvIOVa9q4d+3zbHl5Fwcf0MxF\n",
       "px/B2449iOlTJhQ9niSpIMZ5lHXu6uG3j2xi5Zo2HvtzOxObGjhlUeVl6yMOmeYeuyRJxnk0pJRY\n",
       "/8xWVq5u47ePvsCu7l6OmTeDy85bxIkLZzGh0eMcS5J2M8770eZtO1m1po1Va55n09ZODmyZyNmn\n",
       "vIm3H3sQB06fVPR4kqRMGecR1tXdy+8fe4FVq9tYt2ELjeUSJy2cxcfPXsjCeTPclaYkaa+M8whI\n",
       "KbHh+ZdZubqN+9ZtZMeuHuYfMo2Pnb2Qk49u9djIkqRhsRr7oL1jF7+4/2lWrm7j2Re30zK5iTNO\n",
       "OIS3H3cwhxw4uejxJEljlHGuQUqJ7/xsHct/vQGAE448kA8um8+xR8ykoeTvJEuS9o1xrsHtDzzD\n",
       "z1b9ib9491GctriVqc1NRY8kSaojPs0bprV/eokf3vU47z/9cD505gLDLEkaccZ5GDZu3sE3bnuI\n",
       "RYfN5K/ee3TR40iS6pRxHqLOXT185ZbVTGlu5PILFtPg/q4lSfuJhRmCvpS44afr2PLyLj7zgSVM\n",
       "nujhGiVJ+49xHoLb7nmSPz7+Ip88f7G/IiVJ2u+M817c//BGfnbvU1y09AhOOOrAoseRJI0DxnkQ\n",
       "T298mRt//jBvPWY2575tXtHjSJLGCeP8BrZt7+K6W1Zz0MxmLj3nGA/lKEkaNcZ5D3p6+7j+x2vo\n",
       "6unjyg8sYUKTh3SUJI0e47wH3//lYzzx3DY+ddFxHNAysehxJEnjjHF+jbsefJZfPfgsH3nPAhbM\n",
       "nV70OJKkccg4D/Do01v4/v9bz7I3z2HZm+cUPY4kaZwyzlUvtndy/W1rmT+nhb8886iix5EkjWPG\n",
       "GdjV1ctXb1lDU7nEFRceS9ldc0qSCjTuK5RS4sb/8zDPb97BlR9YwrTJHmVKklSscR/nn//6KR54\n",
       "ZBN/fe4xvKl1atHjSJI0vuP8h8de5McrnuS80+bx1mNaix5HkiRgHMf52Re38z9/+hDHH3kgF55+\n",
       "RNHjSJL0inEZ5+07u7nultXMmDqBy85fRMldc0qSMjLu4tzb18c3/v0hOnZ085kPLGHShHLRI0mS\n",
       "9CrjLs43/+oJ1m3YzOUXLqZ1ZnPR40iS9DrjKs73rm3jF/c/w4feeSTHHn5A0eNIkrRH4ybOTz63\n",
       "jZuWP8rbFh/EWSfPLXocSZLe0LiI89aOXXz11tXMnT2ZS85Z6LGZJUlZq/s4d/f08rVb15CAT1+8\n",
       "hMayx2aWJOWtruOcUuJ7v3iUpza+zKcvOo4ZUycUPZIkSXtV13H+5W//zKo1z/Ox9x7N/DktRY8j\n",
       "SdKQ1G2cH9qwmR/c+Tjvectc3rHk4KLHkSRpyIa9B46IKAHfAhYAfcBlQC9wU/X8WuBTKaU0cmMO\n",
       "z6YtO/jGbWs5et50PvSu+UWNIUlSTWp55nwWMDml9A7gH4D/BnwRuCaltBQI4IKRG3F4Onf1cN0t\n",
       "a2ieWObyC46loVS3Lw5IkupULfuu7ARaovL7SC1AF3BKSmlF9frlVAJ+2xs+aLmBlpZJNTz04Pr6\n",
       "El//ye94adtO/umKtzNnPx4Cslx91/f+WMdoqod11MMaoD7WUQ9rANeRk3pYA+xex5C3r+ExVgET\n",
       "gUeAA4DzgaUDru+gEu1R98M7HuOBdRv5m4+e5LGZJUljVi1xvgpYlVL624g4FLgLaBxw/VRg62B3\n",
       "0NPTS3t7Zw0P/cZ++8gmfnTnY1x4+uEsnNMy4vf/Wv3fxe3vx9nf6mEd9bAGqI911MMawHXkpB7W\n",
       "AJV1NDUNPbm1/EB2MrCtenoLlcA/GBFnVC87B1ixpxvuL89s6uBbP1/HWxbO4vzTDhvNh5YkacTV\n",
       "8sz5WuA7EXEPlWfMVwO/A26IiCZgHXDzyI04uJd3dHHdLauZPb2Zvz73GHfNKUka84Yd55TSVuCi\n",
       "PVy1bJ+nGaae3j6+fttadnb1ctWH38zEYbxkIElSrsb07xn92x2P8dif27niwmM5cPrYfiefJEn9\n",
       "xmyc7/7Ds9z5+2f58JlHcfS8GUWPI0nSiBmTcV7/zFb+5fb1LD3+EN755jlFjyNJ0ogac3HevG0n\n",
       "1/94DYcfMo2/OmuBbwCTJNWdMRXnXd29XHfLGsrlEp+66DjKDWNqfEmShmTM1C2lxE3LH+G5l7Zz\n",
       "5cVLaJncVPRIkiTtF2Mmzsvve5r71m3k0vcdzbyD3DWnJKl+jYk4r37iRW751RO879R5nLrooKLH\n",
       "kSRpv8o+zm0vbeebP3mI4+YfwMVLjyh6HEmS9rus47xjZzdfuWUNLZMn8MnzF1Mq+c5sSVL9yzbO\n",
       "fX2Jb/zkIbZt7+IzH1xC80R3zSlJGh+yjfMtdz/BQ3/azOUXLOagmc1FjyNJ0qjJMs6/fuh5lt/3\n",
       "NB9cNp/jjjig6HEkSRpV2cX5T23buGn5I5y6uJWz3/qmoseRJGnUZRXn9o5dfPXWNRxy4GQuOfto\n",
       "d80pSRqXsolzd08fX/vxWnr7EldefBxNjQ1FjyRJUiGyiHNKiX+5/VH+1LaNT190HDOnTSx6JEmS\n",
       "CpNFnO/8/bPcs7qNj753IUce2lL0OJIkFarwOD/81Bb+9ZeP8e6TDmXp8YcUPY4kSYUrNM4vbO3k\n",
       "67etZcHcFv7iXUcWOYokSdkoLM47u3q47pbVTGxq4AqPzSxJ0isKKWJfX+LbP3uYF7bu5DMfWMKU\n",
       "SY1FjCFJUpYKifPNdz3O79a/wH887xgOnT2liBEkScpWIUeT+MEv13P6omlML7fzxBPtRYwwqLlz\n",
       "59HU1FT0GJKkcaqQOLe/sIHlqxpZvqqIRx/cjvZNfPnz72f+/KOKHkWSNE4VEueGciNTZswp4qEl\n",
       "Scqeb5GWJCkzxlmSpMwYZ0mSMmOcJUnKjHGWJCkzxlmSpMwYZ0mSMmOcJUnKjHGWJCkzxlmSpMwY\n",
       "Z0mSMmOcJUnKjHGWJCkzxlmSpMwYZ0mSMmOcJUnKjHGWJCkzxlmSpMwYZ0mSMmOcJUnKjHGWJCkz\n",
       "xlmSpMwYZ0mSMmOcJUnKjHGWJCkzxlmSpMwYZ0mSMlNTnCPi6oi4NyIeiIiPR8SREbEyIlZExPUR\n",
       "ESM9qCRJ48Ww4xwRy4C3pZROA5YBRwBfBK5JKS0FArhgBGeUJGlcqeWZ81nAmoi4Dfgp8BPgpJTS\n",
       "iur1y4EzR2g+SZLGnXINt5kFzAXOo/Ks+adUni336wBa9n204kyZMpGWlkmDblMuNwDsdbvc1cM6\n",
       "6mENUB/rqIc1gOvIST2sAXavY8jb1/AYLwIPp5R6gPURsROYM+D6qcDWGu5XkiRRW5xXAp8FvhQR\n",
       "hwDNwB0RcUZK6W7gHOCOEZxx1HV07KS9vXPQbfq/i9vbdrmrh3XUwxqgPtZRD2sA15GTelgDVNbR\n",
       "1DT05A47zimln0fE0oi4n8rPrK8ANgA3REQTsA64ebj3K0mSKmp55kxK6W/2cPGyfRtFkiSBOyGR\n",
       "JCk7xlmSpMwYZ0mSMmOcJUnKjHGWJCkzxlmSpMwYZ0mSMmOcJUnKjHGWJCkzxlmSpMwYZ0mSMmOc\n",
       "JUnKjHGWJCkzxlmSpMwYZ0mSMmOcJUnKjHGWJCkzxlmSpMwYZ0mSMmOcJUnKjHGWJCkzxlmSpMwY\n",
       "Z0mSMmOcJUnKjHGWJCkzxlmSpMwYZ0mSMmOcJUnKjHGWJCkzxlmSpMwYZ0mSMmOcJUnKjHGWJCkz\n",
       "xlmSpMwYZ0mSMmOcJUnKjHGWJCkzxlmSpMwYZ0mSMmOcJUnKjHGWJCkzxlmSpMwYZ0mSMmOcJUnK\n",
       "jHGWJCkzxlmSpMwYZ0mSMmOcJUnKjHGWJCkzxlmSpMwYZ0mSMmOcJUnKjHGWJCkzNcc5ImZHxDMR\n",
       "sSAijoyIlRGxIiKuj4gYySElSRpPaopzRDQC3wS2AwF8CbgmpbS0ev6CEZtQkqRxptZnztcCXwfa\n",
       "qudPTCmtqJ5eDpy5r4NJkjRelYd7g4i4BHghpXR7RFxN5ZnywJexO4CWkRmvGFOmTKSlZdKg25TL\n",
       "DQB73S539bCOelgD1Mc66mEN4DpyUg9rgN3rGPL2NTzGpUCKiDOBE4DvArMGXD8V2FrD/UqSJGqI\n",
       "c0rpjP7TEXEXcDlwbUSckVK6GzgHuGPkRhx9HR07aW/vHHSb/u/i9rZd7uphHfWwBqiPddTDGsB1\n",
       "5KQe1gCVdTQ1DT25tTxzfq0EfA64ISKagHXAzSNwv5IkjUv7FOeU0jsHnF22b6NIkiRwJySSJGXH\n",
       "OEuSlBnjLElSZoyzJEmZMc6SJGXGOEuSlBnjLElSZoyzJEmZMc6SJGXGOEuSlBnjLElSZoyzJEmZ\n",
       "Mc6SJGXGOEuSlBnjLElSZoyzJEmZMc6SJGXGOEuSlBnjLElSZoyzJEmZMc6SJGXGOEuSlBnjLElS\n",
       "ZoyzJEmZMc6SJGXGOEuSlBnjLElSZoyzJEmZMc6SJGXGOEuSlBnjLElSZoyzJEmZMc6SJGXGOEuS\n",
       "lBnjLElSZoyzJEmZMc6SJGXGOEuSlBnjLElSZoyzJEmZMc6SJGXGOEuSlBnjLElSZoyzJEmZMc6S\n",
       "JGXGOEuSlBnjLElSZoyzJEmZMc6SJGXGOEuSlBnjLElSZoyzJEmZMc6SJGXGOEuSlJnycG8QEY3A\n",
       "jcA8YALwX4GHgZuAPmAt8KmUUhq5MSVJGj9qeeb8EeCFlNJS4Gzga8AXgWuqlwVwwciNKEnS+DLs\n",
       "Z87Aj4Cbq6dLQDdwYkppRfWy5cBZwG37Pl4xpkyZSEvLpEG3KZcbAPa6Xe7qYR31sAaoj3XUwxrA\n",
       "deSkHtYAu9cx5O2H+wAppe0AETGVSqj/DvjvAzbpAFqGe79jTVdXFxs2bKCnp7foUd7QYYcdRlNT\n",
       "U9FjSJKGqZZnzkTEXOBW4GsppX+NiH8ecPVUYOtIDFeUjo6dtLd3DrrNxo3P8Im//yHNLbNHaarh\n",
       "2dG+iS9//v3Mn3/UoNv1fze6t/XmrB7WAPWxjnpYA7iOnNTDGqCyjqamoSe3ljeEtQK3A1eklO6q\n",
       "XvxgRJyRUrobOAe4Y7j3OxY1t8xmyow5RY8hSaoztTxzvobKy9ZfiIgvVC/7LPCViGgC1rH7Z9KS\n",
       "JGmYavmZ82epxPi1lu3zNJIkyZ2QSJKUG+MsSVJmjLMkSZkxzpIkZcY4S5KUGeMsSVJmjLMkSZkx\n",
       "zpIkZcY4S5KUGeMsSVJmjLMkSZkxzpIkZcY4S5KUGeMsSVJmjLMkSZkxzpIkZcY4S5KUGeMsSVJm\n",
       "jLMkSZkxzpIkZcY4S5KUGeMsSVJmjLMkSZkxzpIkZcY4S5KUGeMsSVJmjLMkSZkxzpIkZcY4S5KU\n",
       "GeMsSVJmjLMkSZkxzpIkZcY4S5KUGeMsSVJmjLMkSZkxzpIkZcY4S5KUmXLRA6hYXV1dbNiwgY6O\n",
       "nUWPskdz586jqamp6DEkaVQZ53Fuw4YNfOLvf0hzy+yiR3mdHe2b+PLn38/8+UcVPYokjSrjLJpb\n",
       "ZjNlxpyix5AkVfkzZ0mSMmOcJUnKjHGWJCkzxlmSpMwYZ0mSMmOcJUnKjHGWJCkzxlmSpMwYZ0mS\n",
       "MuMewjTm5b5/cHAf4ZKGxzhrzMt5/+DgPsIlDZ9xVl1w/+CS6ok/c5YkKTMjFueIKEXENyLi3oi4\n",
       "KyLmj9R9S5I0nozky9oXAk0ppdMi4hTgi9XLJA1B7m9s801t0ugZyTi/Hfi/ACml+yLiLSN431Ld\n",
       "y/mNbUN9U1vu32CA32RobBjJOE8Dtg043xsRpZRS32s33NG+aQQfdmTtaN/ElCkTaWmZNOh2L73U\n",
       "4Dr2s3pYAwxvHTkbyhqefPIJ/vI/f5WJU2aO0lTDs7NjM9//H59mwYIFg25XLjewfv16enp6R2my\n",
       "4dvbGiD/ddTDGmDo6xiOSCnVOs+r7yjii8BvUko/qp5/JqU0d0TuXJKkcWQk3629CngfQEScCqwe\n",
       "wfuWJGncGMlnzgFcDyypXnRpSmn9iNy5JEnjyIjFWZIkjQx3QiJJUmaMsyRJmTHOkiRlxjhLkpSZ\n",
       "QuIcEadExF1FPPZIiIjGiPhfEbEiIu6LiPOLnmm4IqIhIm6MiJURcU9ELC56pn0REbMj4pmI2Pve\n",
       "ADIUEb+v7pP+roj4dtHz1Coirq7uX/+BiPh40fPUIiI+PuD/4jcR0RkR04qeaziqxzro//xeEREL\n",
       "i56pFhHRFBHfq35M3R0Rxxc903AMbF1EHDng/+P66m84vaFRj3NEXAXcAEwY7cceQR8BXkgpLQXO\n",
       "Br5a8Dy1OA/oSym9A/g74B8LnqdmEdEIfBPYXvQstYiIiQAppXdW/3yi6JlqERHLgLellE4DlgFH\n",
       "FDpQjVJK3+3/vwB+C1yZUtq2t9tl5ixgcvXz+x8Yu5/flwE7qh9TlwE3FjzPkO2hdV8Crql2I4AL\n",
       "Brt9Ec+cHwcupjLcWPUj4AvV0yWgp8BZapJS+nfgP1XPHgZsKW6afXYt8HWgrehBanQ80BwRv4iI\n",
       "O6oHjhmLzgLWRMRtwE+BnxQ8zz6pHh9gcUrpW0XPUoNOoKX67KwF6Cp4nlotYvcxG9YDc8bQqxiv\n",
       "bd2JKaUV1dPLgTMHu/GoxzmldCtjMGYDpZS2p5Q6ImIqlVD/bdEz1SKl1BsRNwFfAb5f8Dg1iYhL\n",
       "qLyKcXv/RQWOU6vtwLUppfcClwP/OyLG4vtBZgEnAR+kuo5ix9ln1wD/pegharQKmAg8QuVVpeuK\n",
       "Hadmf6DyKl//nidnAZMLnWiI9tC6gV+bOqh80/SGxuIXgCxExFzgTuB7KaV/K3qeWqWULgEWADdE\n",
       "xOBHNcjTpcB7qj/XOQH4bkS0FjzTcK2nGrKU0mPAS8DBhU5UmxeB21NKPdVnOTsj4sCih6pFREwH\n",
       "FqSU7i56lhpdBaxKKS1k9+fFWDwU143Atoi4h8ohiNcDm4sdqWYDDwI1Fdg62MbGuQbVL/63A1el\n",
       "lG4qeJyaRMRHI+Lq6tlOKh84rzuCWO5SSmeklJZVfz74B+BjKaWNRc81TJdSOf45EXEIlSO8jcWX\n",
       "6FdSeQ9G/zomU/lGYyxaCtxR9BD7YDK7jxK4BWgE8j7s2Z69FbgzpXQ6cDPQllLaVfBMtXowIs6o\n",
       "nj4HWDHYxiN5yMjhGsv7Db2GyksSX4iI/p89n5NSyvcgtq93M3BTRNxN5RP3s2P4g36s+zbwnYjo\n",
       "/2S9dE+HWs1dSunnEbE0Iu6n8o3/FWns7h94AfBE0UPsg2upfEzdQ+Xz++qUUmfBM9XiUeAHEXEN\n",
       "sJPKm8LGmv7Pgc9ReYWyCVhH5WvwG3Lf2pIkZcaXtSVJyoxxliQpM8ZZkqTMGGdJkjJjnCVJyoxx\n",
       "liQpM8ZZkqTM/H8mxOlk6u37FAAAAABJRU5ErkJggg==\n"
      ],
      "text/plain": [
       "<matplotlib.figure.Figure at 0x115abba90>"
      ]
     },
     "metadata": {},
     "output_type": "display_data"
    }
   ],
   "source": [
    "tot = sum(eig_vals)\n",
    "var_exp = [(i / tot)*100 for i in sorted(eig_vals, reverse=True)]\n",
    "cum_var_exp = np.cumsum(var_exp)\n",
    "\n",
    "print cum_var_exp\n",
    "\n",
    "trace1 = plt.bar(\n",
    "        left=[i for i in range(1,10)],\n",
    "        height=var_exp)\n",
    "\n",
    "trace2 = plt.plot(\n",
    "        [i for i in range(1,10)], \n",
    "        cum_var_exp,\n",
    "        label='cumulative explained variance')\n",
    "\n",
    "plt.ylim(0,100)\n",
    "plt.show()"
   ]
  },
  {
   "cell_type": "markdown",
   "metadata": {},
   "source": [
    "### Projection Matrix"
   ]
  },
  {
   "cell_type": "code",
   "execution_count": 65,
   "metadata": {
    "collapsed": false
   },
   "outputs": [
    {
     "name": "stdout",
     "output_type": "stream",
     "text": [
      "('Matrix W:\\n', array([[-0.20030876,  0.63771992],\n",
      "       [-0.29116559,  0.48459491],\n",
      "       [ 0.3503192 ,  0.25049007],\n",
      "       [-0.3139701 , -0.43617018],\n",
      "       [ 0.37450749,  0.03027429],\n",
      "       [ 0.2939705 ,  0.28428875],\n",
      "       [ 0.38879072, -0.08404245],\n",
      "       [ 0.3842011 ,  0.05973259],\n",
      "       [ 0.35826668, -0.11455848]]))\n"
     ]
    }
   ],
   "source": [
    "matrix_w = np.hstack((eig_pairs[0][1].reshape(9,1), \n",
    "                      eig_pairs[1][1].reshape(9,1)))\n",
    "\n",
    "print('Matrix W:\\n', matrix_w)"
   ]
  },
  {
   "cell_type": "markdown",
   "metadata": {},
   "source": [
    "### Project Onto the New Feature Space"
   ]
  },
  {
   "cell_type": "code",
   "execution_count": 67,
   "metadata": {
    "collapsed": false
   },
   "outputs": [],
   "source": [
    "Y = x_std.dot(matrix_w)"
   ]
  },
  {
   "cell_type": "code",
   "execution_count": 70,
   "metadata": {
    "collapsed": false
   },
   "outputs": [
    {
     "ename": "IndexError",
     "evalue": "too many indices for array",
     "output_type": "error",
     "traceback": [
      "\u001b[0;31m---------------------------------------------------------------------------\u001b[0m",
      "\u001b[0;31mIndexError\u001b[0m                                Traceback (most recent call last)",
      "\u001b[0;32m<ipython-input-70-512f2c83d17b>\u001b[0m in \u001b[0;36m<module>\u001b[0;34m()\u001b[0m\n\u001b[0;32m----> 1\u001b[0;31m \u001b[0mY\u001b[0m\u001b[0;34m[\u001b[0m\u001b[0my\u001b[0m\u001b[0;34m==\u001b[0m\u001b[0mname\u001b[0m\u001b[0;34m,\u001b[0m\u001b[0;36m0\u001b[0m\u001b[0;34m]\u001b[0m\u001b[0;34m\u001b[0m\u001b[0m\n\u001b[0m",
      "\u001b[0;31mIndexError\u001b[0m: too many indices for array"
     ]
    }
   ],
   "source": [
    "Y[y==name,0]"
   ]
  },
  {
   "cell_type": "code",
   "execution_count": 71,
   "metadata": {
    "collapsed": false
   },
   "outputs": [
    {
     "ename": "IndexError",
     "evalue": "too many indices for array",
     "output_type": "error",
     "traceback": [
      "\u001b[0;31m---------------------------------------------------------------------------\u001b[0m",
      "\u001b[0;31mIndexError\u001b[0m                                Traceback (most recent call last)",
      "\u001b[0;32m<ipython-input-71-625ee0b7b4f2>\u001b[0m in \u001b[0;36m<module>\u001b[0;34m()\u001b[0m\n\u001b[1;32m      4\u001b[0m \u001b[0;34m\u001b[0m\u001b[0m\n\u001b[1;32m      5\u001b[0m     trace = plt.scatter(\n\u001b[0;32m----> 6\u001b[0;31m         \u001b[0mY\u001b[0m\u001b[0;34m[\u001b[0m\u001b[0my\u001b[0m\u001b[0;34m==\u001b[0m\u001b[0mname\u001b[0m\u001b[0;34m,\u001b[0m\u001b[0;36m0\u001b[0m\u001b[0;34m]\u001b[0m\u001b[0;34m,\u001b[0m\u001b[0;34m\u001b[0m\u001b[0m\n\u001b[0m\u001b[1;32m      7\u001b[0m         \u001b[0mY\u001b[0m\u001b[0;34m[\u001b[0m\u001b[0my\u001b[0m\u001b[0;34m==\u001b[0m\u001b[0mname\u001b[0m\u001b[0;34m,\u001b[0m\u001b[0;36m1\u001b[0m\u001b[0;34m]\u001b[0m\u001b[0;34m,\u001b[0m\u001b[0;34m\u001b[0m\u001b[0m\n\u001b[1;32m      8\u001b[0m         \u001b[0mmode\u001b[0m\u001b[0;34m=\u001b[0m\u001b[0;34m'markers'\u001b[0m\u001b[0;34m,\u001b[0m\u001b[0;34m\u001b[0m\u001b[0m\n",
      "\u001b[0;31mIndexError\u001b[0m: too many indices for array"
     ]
    }
   ],
   "source": [
    "traces = []\n",
    "\n",
    "for name in ('BWR', 'VVER', 'RBMK'):\n",
    "\n",
    "    trace = plt.scatter(\n",
    "        Y[y==name,0],\n",
    "        Y[y==name,1],\n",
    "        mode='markers',\n",
    "        label=name,\n",
    "        )\n",
    "    traces.append(trace)\n",
    "\n",
    "\n",
    "data = Data(traces)\n",
    "layout = Layout(showlegend=True,\n",
    "                scene=Scene(xaxis=XAxis(title='PC1'),\n",
    "                yaxis=YAxis(title='PC2'),))\n",
    "\n",
    "fig = Figure(data=data, layout=layout)\n",
    "py.iplot(fig)"
   ]
  },
  {
   "cell_type": "code",
   "execution_count": null,
   "metadata": {
    "collapsed": true
   },
   "outputs": [],
   "source": []
  },
  {
   "cell_type": "code",
   "execution_count": null,
   "metadata": {
    "collapsed": true
   },
   "outputs": [],
   "source": []
  },
  {
   "cell_type": "markdown",
   "metadata": {},
   "source": [
    "### With Sklearn"
   ]
  },
  {
   "cell_type": "code",
   "execution_count": 5,
   "metadata": {
    "collapsed": true
   },
   "outputs": [],
   "source": [
    "pca_model = PCA(n_components=2)\n",
    "result = pca_model.fit_transform(x_std)"
   ]
  },
  {
   "cell_type": "code",
   "execution_count": 9,
   "metadata": {
    "collapsed": false
   },
   "outputs": [
    {
     "ename": "IndexError",
     "evalue": "too many indices for array",
     "output_type": "error",
     "traceback": [
      "\u001b[0;31m---------------------------------------------------------------------------\u001b[0m",
      "\u001b[0;31mIndexError\u001b[0m                                Traceback (most recent call last)",
      "\u001b[0;32m<ipython-input-9-bb210a037e7d>\u001b[0m in \u001b[0;36m<module>\u001b[0;34m()\u001b[0m\n\u001b[1;32m      4\u001b[0m \u001b[0;34m\u001b[0m\u001b[0m\n\u001b[1;32m      5\u001b[0m     trace = plt.scatter(\n\u001b[0;32m----> 6\u001b[0;31m         \u001b[0mx\u001b[0m \u001b[0;34m=\u001b[0m \u001b[0mresult\u001b[0m\u001b[0;34m[\u001b[0m\u001b[0my\u001b[0m\u001b[0;34m==\u001b[0m\u001b[0mname\u001b[0m\u001b[0;34m,\u001b[0m \u001b[0;36m0\u001b[0m\u001b[0;34m]\u001b[0m\u001b[0;34m,\u001b[0m\u001b[0;34m\u001b[0m\u001b[0m\n\u001b[0m\u001b[1;32m      7\u001b[0m         \u001b[0my\u001b[0m \u001b[0;34m=\u001b[0m \u001b[0mresult\u001b[0m\u001b[0;34m[\u001b[0m\u001b[0my\u001b[0m\u001b[0;34m==\u001b[0m\u001b[0mname\u001b[0m\u001b[0;34m,\u001b[0m \u001b[0;36m1\u001b[0m\u001b[0;34m]\u001b[0m\u001b[0;34m,\u001b[0m\u001b[0;34m\u001b[0m\u001b[0m\n\u001b[1;32m      8\u001b[0m         \u001b[0mmode\u001b[0m\u001b[0;34m=\u001b[0m\u001b[0;34m'markers'\u001b[0m\u001b[0;34m,\u001b[0m\u001b[0;34m\u001b[0m\u001b[0m\n",
      "\u001b[0;31mIndexError\u001b[0m: too many indices for array"
     ]
    }
   ],
   "source": [
    "traces = []\n",
    "\n",
    "for name in ('BWR', 'VVER', 'RBMK'):\n",
    "    \n",
    "    trace = plt.scatter(\n",
    "        x = result[y==name, 0],\n",
    "        y = result[y==name, 1],\n",
    "        mode='markers',\n",
    "        name=name,\n",
    "        marker=Marker(\n",
    "            size=12,\n",
    "            line=Line(\n",
    "                color='rgba(217, 217, 217, 0.14)',\n",
    "                width=0.5),\n",
    "            opacity=0.8))\n",
    "    traces.append(trace)\n",
    "    \n",
    "data = plt.data(traces)\n",
    "layout = plt.layout(xaxis=XAxis(title='PC1', showline=False),\n",
    "                yaxis=YAxis(title='PC2', showline=False))\n",
    "fig = plt.figure(data=data, layout=layout)\n",
    "plt.show()"
   ]
  },
  {
   "cell_type": "code",
   "execution_count": 10,
   "metadata": {
    "collapsed": false
   },
   "outputs": [
    {
     "data": {
      "text/plain": [
       "array([[ 2.32435871,  0.64066007],\n",
       "       [ 2.15985812,  0.6487949 ],\n",
       "       [ 1.99502823,  0.65783003],\n",
       "       ..., \n",
       "       [ 2.76114489,  1.84638427],\n",
       "       [ 2.60253866,  1.85779091],\n",
       "       [ 2.44258749,  1.87149856]])"
      ]
     },
     "execution_count": 10,
     "metadata": {},
     "output_type": "execute_result"
    }
   ],
   "source": [
    "result"
   ]
  },
  {
   "cell_type": "code",
   "execution_count": null,
   "metadata": {
    "collapsed": true
   },
   "outputs": [],
   "source": []
  }
 ],
 "metadata": {
  "kernelspec": {
   "display_name": "Python 2",
   "language": "python",
   "name": "python2"
  },
  "language_info": {
   "codemirror_mode": {
    "name": "ipython",
    "version": 2
   },
   "file_extension": ".py",
   "mimetype": "text/x-python",
   "name": "python",
   "nbconvert_exporter": "python",
   "pygments_lexer": "ipython2",
   "version": "2.7.9"
  }
 },
 "nbformat": 4,
 "nbformat_minor": 0
}
